%YAML:1.0
---
K: !!opencv-matrix
   rows: 3
   cols: 3
   dt: d
   data: [ 6.3679404207355321e+02, 0., 6.3701922316458365e+02, 0.,
       6.4220781758881571e+02, 3.1267232337362935e+02, 0., 0., 1. ]
D: !!opencv-matrix
   rows: 1
   cols: 5
   dt: d
   data: [ -3.6721049616656565e-01, 1.1686644036526267e-01,
       1.3678611194601928e-03, 1.3781249474976913e-03,
       -1.5966288380859801e-02 ]
